        0.0266666667         5.1525017507         2.2933339977
        0.1266666667         3.9772909327         2.4528163323
        0.2266666667         3.4694902923         3.2011252719
        0.3266666667         1.0375585335         3.3874604523
        0.4266666667         2.8236733158         2.9369794627
        0.5266666667         1.8940091343         2.8979179986
        0.6266666667         3.2588362010         2.9217234982
        0.7266666667         0.5529503015         1.8398812160
        0.8266666667         1.7014448710         0.8797283660
        0.9266666667         0.9455046772         0.9016978244
        1.0266666667         1.3183047092         1.3265616757
        1.1266666667         0.5625256344         0.6458045322
        1.2266666667         1.0211175921         0.9684648510
        1.3266666667         0.3266829638         1.1580664731
        1.4266666667         0.2450788070         0.4482337078
        1.5266666667         0.5226376059         1.0164170817
        1.6266666667        -0.0738697911         0.7349874058
        1.7266666667         0.0087927463         0.0319274798
        1.8266666667         0.4161583195         0.1943545095
        1.9266666667        -0.1735012936        -0.0525518003
        2.0266666667        -0.6897477438         0.0244484069
        2.1266666667         0.6429590466        -0.5689823019
        2.2266666667         0.0375261629        -0.2210571112
        2.3266666667        -1.0675871593        -0.6762354453
        2.4266666667         0.8364573932        -0.2527484514
        2.5266666667        -0.9109816832        -1.2067431624
        2.6266666667         0.6607033846         0.0745755942
        2.7266666667        -1.1897275707        -0.4893900477
        2.8266666667        -0.3108909476         0.1115810779
        2.9266666667        -1.2744734453        -0.7204450763
        3.0266666667        -0.3481949195         0.4001399055
        3.1266666667        -1.1048003482        -0.2692888460
        3.2266666667         0.7297419427         0.4844870884
        3.3266666667        -0.4746849449         0.2198094883
        3.4266666667        -1.1143631195        -0.1003274095
        3.5266666667        -0.6144387660        -0.0707387331
        3.6266666667        -0.4862340361        -0.2660950514
        3.7266666667        -0.6711206409        -0.7427034518
        3.8266666667        -0.1177107024        -0.6516611133
        3.9266666667        -0.2559584603        -1.3580568452
        4.0266666667        -0.2394108563        -1.9147053938
        4.1266666667         0.7872278281        -2.0137806177
        4.2266666667        -0.2692420058        -1.5887598898
        4.3266666667        -0.5375871986        -0.7944389630
        4.4266666667        -0.9158104320        -0.7033831404
        4.5266666667        -1.1835774800        -1.1424038424
        4.6266666667         0.4543509135        -0.7034387557
        4.7266666667        -2.3437771321        -0.3973181974
        4.8266666667        -1.6298250989        -0.3580339204
        4.9266666667        -1.5149906041         0.1507430450
        5.0266666667        -1.8069001914        -0.1358537352
        5.1266666667        -0.9987156581         0.1184868233
        5.2266666667        -1.5396420388        -0.0241963205
        5.3266666667        -1.4991135365         0.1245590538
        5.4266666667        -2.5672513829        -0.4617471176
        5.5266666667        -1.4821677478         0.1791101486
        5.6266666667        -1.6532916627        -0.1227570870
        5.7266666667        -1.9237066613        -0.4110192611
        5.8266666667        -1.8137421036        -0.4215990253
        5.9266666667        -3.2906595980         0.2746617914
        6.0266666667        -2.8767143500         0.3329361221
        6.1266666667        -2.0922178520         0.4325080884
        6.2266666667        -4.2400239294        -0.4118690496
        6.3266666667        -1.5505392252        -0.3763001371
        6.4266666667        -2.8458589309        -1.2778206360
        6.5266666667        -3.5228023110        -1.9556967534
        6.6266666667        -3.3953485342        -2.5535544633
        6.7266666667        -4.6391827703        -1.9289479323
        6.8266666667        -3.7827160391        -1.6649047878
        6.9266666667        -3.4095135209        -1.4083233465
        7.0266666667        -4.7644605200        -1.7079659485
        7.1266666667        -4.6731190644        -1.9241965252
        7.2266666667        -4.6090380061        -1.7093635318
        7.3266666667        -3.6761550521        -2.0973139710
        7.4266666667        -5.5494759435        -2.4300151805
        7.5266666667        -5.8777331074        -2.5095940066
        7.6266666667        -5.6611673254        -1.9769490528
        7.7266666667        -6.3433040871        -2.0970577927
        7.8266666667        -7.2032062463        -2.2577372909
        7.9266666667        -6.0853677299        -2.8763768590
        8.0266666667         6.8740946567        -4.0009311078
        8.1266666667        26.6059674819         4.7242706886
        8.2266666667       -36.3322240019         5.0230224637
        8.3266666667      -100.6347350235       -19.0891947855
        8.4266666667        21.6049630809        -8.8720691414
        8.5266666667        74.5855604635        36.0299331906
        8.6266666667        79.8247390385        17.8176516395
        8.7266666667        60.7359924093        -7.3586036191
        8.8266666667       -50.0164702469       -22.7131407861
        8.9266666667        78.9237996604         5.0596937022
        9.0266666667        26.6098218556        -0.0570941554
        9.1266666667        25.1615293618        -5.6193453230
        9.2266666667        42.2087566382        37.7815785168
        9.3266666667       -59.1321538861        -1.6529684801
        9.4266666667        -0.5063414139        13.0353878505
        9.5266666667        -1.9470928056        -9.4638042754
        9.6266666667        34.0908171446        28.4112264656
        9.7266666667       -54.6316019864       -12.2864835428
        9.8266666667        16.4678274094        16.3161573106
        9.9266666667       -66.1991081363       -19.9405089880
       10.0266666667        49.9128073386        15.8117767971
       10.1266666667       -27.5937301642       -19.8889244385
       10.2266666667        18.9604391727        18.1971951657
       10.3266666667       -32.7878789114       -17.8362283118
       10.4266666667        26.0949947129         7.0876070329
       10.5266666667        -2.8016005013         1.6516450488
       10.6266666667        -8.0816784811         2.6268744171
       10.7266666667       -20.6831428366        -3.2217128869
       10.8266666667        -1.7851571525        -2.5679863250
       10.9266666667        -2.3991666071        -1.3871935219
       11.0266666667        10.2772939983         4.7751507270
       11.1266666667        -2.7690696468        -2.7991148803
       11.2266666667         6.0137889871         5.3716384922
       11.3266666667       -27.3578807875         4.9251405005
       11.4266666667       -13.6438431185        -7.6192187354
       11.5266666667        23.5677447118         7.8564706949
       11.6266666667       -10.8581304947        -8.1909223810
       11.7266666667        27.5320478490         9.0962142060
       11.8266666667       -34.2707710605        -7.1953478564
       11.9266666667        -1.9026890203         2.0946156864
       12.0266666667         5.2008075971        -4.6957683595
       12.1266666667        -1.6555313370        -2.5612788208
       12.2266666667       -18.5102157215        -5.5310356335
       12.3266666667         0.5913349888       -10.5665144631
       12.4266666667        23.3923488848         9.9324898300
       12.5266666667       -43.5242225190       -15.7837837070
       12.6266666667        21.6473124576         3.0977096038
       12.7266666667        -9.5661952110         0.7176880154
       12.8266666667         0.3958072618        -6.0118862966
       12.9266666667         6.1157574454         2.1576981370
       13.0266666667       -13.3411155117        -4.7959398082
       13.1266666667        -0.2994105421        -1.3824692796
       13.2266666667         4.0006449912         1.2984314518
       13.3266666667        -9.1501983520        -3.3394624215
       13.4266666667         0.1066452971        -5.4246174225
       13.5266666667        12.9231146602         1.3455215019
       13.6266666667       -15.6482218746        -1.6517122082
       13.7266666667         3.0236263458        -1.8778926492
       13.8266666667         2.2082239275        -1.3514813752
       13.9266666667       -14.1296236105        -0.8598937892
       14.0266666667         1.2225322099        -5.9151710049
       14.1266666667        31.9498091483         6.3473429047
       14.2266666667       -18.9336558829        -0.2076965760
       14.3266666667       -13.7528619239        -5.5475754102
       14.4266666667        26.1973560543         4.9722827620
       14.5266666667       -14.1789177065        -4.1367605478
       14.6266666667         3.0198802612        -1.2271959009
       14.7266666667         4.2522247087         6.0998421655
       14.8266666667       -29.6149394753        -9.0654532163
       14.9266666667        35.4220190165         3.6090664548
       15.0266666667         5.3420033568         5.0282586271
       15.1266666667       -21.5830677342        -4.4990036213
       15.2266666667        17.9251759144         3.4479592568
       15.3266666667       -11.6919559797         2.5524678892
       15.4266666667        -2.3611402253        -4.8102025435
       15.5266666667        32.4477853093         9.1217110252
       15.6266666667       -15.8696592395        -4.9351716899
       15.7266666667         7.9722303709         8.0042315540
       15.8266666667       -36.1615860060        -7.6055450229
       15.9266666667        27.8672049037        -2.1700660814
       16.0266666667        36.9296537049        16.6794421300
       16.1266666667       -33.3143566822        -1.0775125635
       16.2266666667        13.4285228370        -1.3978559600
       16.3266666667        11.3932925119        10.9087061417
       16.4266666667       -40.9360790128        -9.8503952208
       16.5266666667        21.0404858030        -0.2767683864
       16.6266666667        30.2270870165         5.4316191933
       16.7266666667         1.8322313758         4.8871126027
       16.8266666667       -15.6452120142         1.4779541762
       16.9266666667         4.2064390361         0.6448987624
       17.0266666667         6.8762257293         9.4647335237
       17.1266666667       -15.7991204749        -9.4007552140
       17.2266666667        31.2606501723         6.6728302608
       17.3266666667       -20.9487562537        -1.0669254433
       17.4266666667        -1.5392306436         0.5518159943
       17.5266666667        -2.5854762772        -0.4095089765
       17.6266666667         1.2477696296        -1.3631754960
       17.7266666667        17.4033997011         2.7361735654
       17.8266666667       -11.8037842740        -2.1259513337
       17.9266666667        -7.8864823731        -0.9597032041
       18.0266666667        -6.6089864993        -0.4100356114
       18.1266666667        16.6024317300         0.7026548577
       18.2266666667        19.7346731205         2.6690281468
       18.3266666667        -9.2896877700         4.0292140502
       18.4266666667       -38.9416619935        -6.4990374076
       18.5266666667         7.4205686928        -5.5347275246
       18.6266666667        38.4318141298        14.4758542025
       18.7266666667       -33.6677023910        -9.5583134335
       18.8266666667        36.4617632229         4.5640744835
       18.9266666667       -11.1765349017         2.1476530088
       19.0266666667       -31.1123860486        -1.9656260208
       19.1266666667        15.9756627656        -1.3105078475
       19.2266666667         2.9916000693        -0.7932238907
       19.3266666667        -6.7525221519        -7.3902830939
       19.4266666667        13.6709282994         6.0378899921
       19.5266666667       -33.0706769082        -7.2348326140
       19.6266666667         4.4381276808        -1.4509610892
       19.7266666667        11.5549867891        -1.4413270910
       19.8266666667         7.1005200500        -0.4345527838
       19.9266666667       -16.0923021821        -4.8953949759
       20.0266666667       -12.5837472174        -3.5167875855
       20.1266666667        -3.2355533568        -3.3384465189
       20.2266666667         9.6549041430        -0.2210391110
       20.3266666667         4.1263538378        -0.9455971659
       20.4266666667         3.1029413524         0.1290749454
       20.5266666667        -8.5276848854         0.4340986445
       20.6266666667       -13.2369659653        -1.2712761455
       20.7266666667        -5.2494357496        -3.3916831600
       20.8266666667        22.4354507543         4.5988247371
       20.9266666667         0.5027317732         1.1181029741
       21.0266666667       -15.7048803262        -2.1124370704
       21.1266666667         3.7827943785         5.2274999199
       21.2266666667         1.0104141365        -6.5662864935
       21.3266666667         9.3110797654        10.9494525479
       21.4266666667       -28.6646918306       -11.8641235093
       21.5266666667        31.1216633231         9.8978451290
       21.6266666667        -9.5169140178        -4.7436355986
       21.7266666667         7.0796595072         3.6848263400
       21.8266666667       -13.2436527751        -2.6905337852
       21.9266666667        14.9200594621         3.3803161795
       22.0266666667       -16.8180263238        -1.2828856651
       22.1266666667         2.6343530758         0.3657986791
       22.2266666667        14.2901801432        -1.1116028674
       22.3266666667        -8.3617466479         3.1061303283
       22.4266666667       -10.3961331671        -5.7759749967
       22.5266666667        26.5560774580         7.9773576507
       22.6266666667       -11.5116728838        -2.9391538514
       22.7266666667         7.3967798277         3.7988973921
       22.8266666667       -14.1282878925        -2.1139971497
       22.9266666667         6.4591443402        -1.3117505740
       23.0266666667         9.6939074857         2.9128464835
       23.1266666667       -11.0606581166         0.9627329434
       23.2266666667        -3.6285300932        -4.0622881607
       23.3266666667        16.4357379069         1.0286157041
       23.4266666667         2.2745023669         1.9901323779
       23.5266666667       -16.5201252257         1.7645261242
       23.6266666667         6.4398305184        -2.9592025272
       23.7266666667        30.4609857489         8.2200631775
       23.8266666667       -15.5036999469        -0.7907232038
       23.9266666667       -15.7496903681        -1.0964750382
       24.0266666667         0.5136586101        -7.3159344759
       24.1266666667        35.9958105188        12.8799896741
       24.2266666667       -23.2314069385        -5.1667791804
       24.3266666667        14.2069261704         2.7489967734
       24.4266666667        -9.2145190069        -1.8643520739
       24.5266666667         4.9221557514         1.7027819924
       24.6266666667        -4.7127587451        -2.5454925791
       24.7266666667         1.9962196481        -2.1502113287
       24.8266666667         4.4417435578         0.1264274200
       24.9266666667        -7.7440126159         2.3082196482
