        0.0266666667         0.0493987090         2.4224367317
        0.1266666667        -0.0752975082         0.2891612967
        0.2266666667        -0.0298449876         0.9839842655
        0.3266666667         0.3865088874         0.6883091772
        0.4266666667         0.2404737809         0.6843253993
        0.5266666667         0.0676389965        -0.9499129794
        0.6266666667         0.6892520858         0.4989647907
        0.7266666667         0.4917317808         0.7239075347
        0.8266666667         0.8767667403         0.4458913314
        0.9266666667         0.7068294271        -0.6616747714
        1.0266666667         0.0488150953        -1.0365431377
        1.1266666667        -0.2130244676        -1.4712442301
        1.2266666667         0.3455797531        -1.0288625536
        1.3266666667         0.2915562376         0.0015646754
        1.4266666667         0.3456841316         0.3173883374
        1.5266666667         0.9059365818         0.4998228695
        1.6266666667         0.2040585584         0.7036779030
        1.7266666667         0.4046651639        -0.2585917656
        1.8266666667         0.9830903678        -0.4340341582
        1.9266666667         0.6103843051         0.1191935104
        2.0266666667         0.4702057977         0.4376857191
        2.1266666667        -0.0174871560        -1.1315688785
        2.2266666667         0.3948126291         0.0153225288
        2.3266666667        -0.1673697695        -0.0006692558
        2.4266666667        -0.0095751819         0.4733276565
        2.5266666667        -0.2395956048         0.1811347828
        2.6266666667        -0.0562281744        -0.0995286819
        2.7266666667        -0.5005440683        -0.5812693650
        2.8266666667        -0.1141550111        -0.1992011679
        2.9266666667         0.1708330017         0.5512410354
        3.0266666667        -0.0963147534        -0.0562477542
        3.1266666667        -0.0230312620        -1.0759334219
        3.2266666667        -0.0432349512        -1.6544097227
        3.3266666667        -0.0528740864        -0.8614762700
        3.4266666667         0.4060209933        -0.0339939131
        3.5266666667         0.0073815400        -1.0048166888
        3.6266666667        -0.0269316868        -0.9950368189
        3.7266666667         0.0038131211        -0.5759673047
        3.8266666667         0.0866884285        -0.2741059189
        3.9266666667         0.0053134343        -0.0387168997
        4.0266666667        -0.1483419762        -0.3677934963
        4.1266666667         0.3560492693        -0.9405243825
        4.2266666667        -0.1676760349         0.0133488452
        4.3266666667         0.1002337355         0.0199098165
        4.4266666667         0.4166932992         0.1423030160
        4.5266666667         0.3633742716        -0.1814709629
        4.6266666667         0.7438549966        -0.0460120048
        4.7266666667         0.4666656640         0.6548007989
        4.8266666667         0.5913778859         0.2452060438
        4.9266666667         0.2180679528         0.3349110930
        5.0266666667         0.7706115893         0.9698977524
        5.1266666667         0.4241776516         0.4460401238
        5.2266666667         0.8300571910         0.4933197325
        5.3266666667         0.8952682131         1.3781253348
        5.4266666667         1.2703907151         1.9788013433
        5.5266666667        -0.4180699085         1.2910769999
        5.6266666667         0.0120282312         0.5605929274
        5.7266666667        -0.1361975633         0.3516889445
        5.8266666667        -0.2233572748         0.2444068016
        5.9266666667        -0.1663306749         0.6720351981
        6.0266666667        -0.4045231761        -0.6335514364
        6.1266666667        -0.5689277667        -0.4268258162
        6.2266666667        -0.7470861425        -0.5146977543
        6.3266666667        -0.3456201855        -0.9898637367
        6.4266666667        -1.0342290988        -1.0717915516
        6.5266666667        -0.7336877119        -1.5330587138
        6.6266666667        -0.9051789444        -0.9663196809
        6.7266666667        -0.8692536849        -0.9337645337
        6.8266666667        -1.5056595849        -2.4402326176
        6.9266666667        -1.0283539378        -2.0888600664
        7.0266666667        -1.0046952492        -1.9204770160
        7.1266666667        -0.8074139810        -1.4352528927
        7.2266666667        -0.9707930890        -1.9881279748
        7.3266666667        -0.6760730470        -2.9272298973
        7.4266666667        -0.3489785728        -1.8968469082
        7.5266666667        -0.8369724126        -1.9312535746
        7.6266666667        -0.3598904889        -1.5107483475
        7.7266666667        -0.8538938848        -1.1752927803
        7.8266666667        -0.4098190799        -1.5723498577
        7.9266666667        -2.1568007771        -5.9550282869
        8.0266666667        -8.1748468056       -26.5631154943
        8.1266666667        -3.6670056205       -20.6971173905
        8.2266666667        15.7656647006        61.4337349251
        8.3266666667        13.0977792425        64.3663726419
        8.4266666667         0.1351711888       -34.9738371570
        8.5266666667       -12.3211020388       -36.7292595110
        8.6266666667        -5.8007891182       -25.7885295959
        8.7266666667        12.9953083785        60.2674263022
        8.8266666667         4.6083197427        22.9046739123
        8.9266666667         0.6811669673       -31.0551747962
        9.0266666667        -7.5414194086        -9.5348628322
        9.1266666667        -4.2206005641       -23.5711228410
        9.2266666667         3.4491169764        23.0752152863
        9.3266666667         4.1201174387        19.7458725169
        9.4266666667         6.1093916020        21.0412437890
        9.5266666667       -12.0379033215       -47.2768017468
        9.6266666667         3.9739233042         6.0725436911
        9.7266666667        -3.3444791930        -5.5534172060
        9.8266666667        10.8755606463        31.8924433999
        9.9266666667        -9.7913609370        -8.9303395999
       10.0266666667         7.3863117295         2.4131499325
       10.1266666667        -6.9938182897       -20.0556380433
       10.2266666667         5.5106761990        21.1248872385
       10.3266666667        -4.3568538001       -13.1760253599
       10.4266666667         0.8739043835        -4.0983756629
       10.5266666667        -3.6719861777        -5.1573739164
       10.6266666667         5.6132628660        16.1435681080
       10.7266666667         1.1512131899        15.1930725769
       10.8266666667         2.9956457714         0.4817262855
       10.9266666667        -4.9889666916       -12.3215463480
       11.0266666667        -4.0128750438        -7.5731637335
       11.1266666667        -0.2798332602        -9.8162910544
       11.2266666667         1.0239685660         3.4705404971
       11.3266666667         4.4960220217        24.7845573465
       11.4266666667        -0.3626399775        -1.6732118999
       11.5266666667        -0.0415755425        -5.2199785861
       11.6266666667        -7.7593605553       -21.0187126975
       11.7266666667         4.0785268072         1.1587955804
       11.8266666667         1.5649495194        11.4772637488
       11.9266666667         0.7528434115         5.7379720386
       12.0266666667        -2.3295031466       -14.6820531785
       12.1266666667         2.5198205571         2.3749855438
       12.2266666667         1.4587224346        12.6081113865
       12.3266666667        -5.0406152985       -21.1014646054
       12.4266666667         2.3203648367         5.3179049726
       12.5266666667        -0.7661506669         6.1452920710
       12.6266666667         1.5436487984        -3.8463761572
       12.7266666667        -2.9747558384         0.8240750950
       12.8266666667         0.5050384855        -6.9534495456
       12.9266666667        -0.6213007896         0.1068628112
       13.0266666667         1.8472454332         6.4562218014
       13.1266666667        -0.7244007108        -3.2694378974
       13.2266666667        -0.5354695304        -1.4054916096
       13.3266666667        -1.1143764006         2.5716456982
       13.4266666667         0.3088188914        -4.0856696338
       13.5266666667         0.4543521538        -4.8334469325
       13.6266666667        -0.4002641714         7.3441636235
       13.7266666667         0.4080877549        -2.1189868431
       13.8266666667         2.0843358470         0.0719304949
       13.9266666667         0.4485115047        11.8965703374
       14.0266666667        -5.0289728203       -16.4057626567
       14.1266666667        -1.9866722192       -14.4472232343
       14.2266666667         3.1571897279        16.4313533884
       14.3266666667        -0.2602940016         1.7605019753
       14.4266666667        -0.6404752104        -7.9032267750
       14.5266666667         0.3658387572         4.1934410259
       14.6266666667        -0.3051640295        -3.1219685403
       14.7266666667         4.4708404197        12.8089723872
       14.8266666667        -1.2934010931         2.6665210309
       14.9266666667        -3.5758290114       -21.5671164687
       15.0266666667        -0.0442988516         2.0644992819
       15.1266666667         1.7828980441        10.0628301435
       15.2266666667         2.1233355253        -2.1349686653
       15.3266666667         2.3117882764        13.0092906391
       15.4266666667        -2.3168673686       -11.8391659355
       15.5266666667        -0.5655020887        -8.8326467294
       15.6266666667        -2.0655118460        -1.9914913849
       15.7266666667         7.3932307322        19.3370536979
       15.8266666667        -0.6840367142        12.0079518284
       15.9266666667        -5.0603883154       -28.2318183023
       16.0266666667        -0.9246449745        -7.9262409682
       16.1266666667         0.9563443418        19.4654324507
       16.2266666667         0.6167613324        -8.7281264568
       16.3266666667         4.9060175915        14.7947172772
       16.4266666667         2.3110143308        16.4472181078
       16.5266666667        -1.5437148491       -16.9972243214
       16.6266666667        -5.9524788606       -23.9887229182
       16.7266666667         1.3955077659         6.7321244434
       16.8266666667         2.9671433660        16.4348624070
       16.9266666667         0.6793602132        -4.2794630600
       17.0266666667         0.3192306651         8.2337239006
       17.1266666667        -2.9795640443        -8.9005570476
       17.2266666667         2.2571623870        -5.8726948875
       17.3266666667        -2.0538632580         7.1442992254
       17.4266666667         3.4490057957         8.7870462925
       17.5266666667         1.1347779558         1.7903207189
       17.6266666667        -2.8492124682        -6.8827949176
       17.7266666667        -1.2989970167        -9.1620334048
       17.8266666667         0.3644981987         8.2083893395
       17.9266666667         4.0718326581        14.2100426816
       18.0266666667        -1.6638767765         1.1297060426
       18.1266666667        -6.3062248273       -20.0377724404
       18.2266666667        -5.0112925882       -17.7280141844
       18.3266666667         4.3682045429        23.4742958700
       18.4266666667         5.9793012693        30.1540383756
       18.5266666667        -4.5240700626       -19.9780516844
       18.6266666667        -1.1441554375        -8.3110967304
       18.7266666667        -5.4878953996        -0.5715779384
       18.8266666667         2.4074047553        -9.0928299914
       18.9266666667         2.0116811737        11.9826181031
       19.0266666667         1.4347591518        17.8668313687
       19.1266666667        -1.1939363567       -16.5425441715
       19.2266666667        -0.6964754364        -1.9865860301
       19.3266666667        -3.2539533228       -10.7278049088
       19.4266666667         3.4059579301         5.6812720036
       19.5266666667         2.9750196215        14.6354617293
       19.6266666667         0.5503374087        -3.2876398507
       19.7266666667        -5.4754765813       -17.5158138370
       19.8266666667         0.0475905139        -2.8416585809
       19.9266666667         3.6945310482        11.5731600480
       20.0266666667         2.7190263516        12.0465575724
       20.1266666667        -1.0889062611        -5.2448968904
       20.2266666667        -2.8407451664       -12.1148416672
       20.3266666667        -3.3003123859       -10.6279048284
       20.4266666667         0.5904470010        -1.0109003120
       20.5266666667         3.2309564112        10.3921050154
       20.6266666667         4.3982497820        14.9998382178
       20.7266666667        -2.4948883665        -7.5058914816
       20.8266666667        -4.2675121788       -18.4441972135
       20.9266666667         1.9906833980         2.5670626627
       21.0266666667         1.0954926133         9.0871930678
       21.1266666667         0.3906663254         6.8932554001
       21.2266666667        -2.1678770445       -16.3896924365
       21.3266666667         4.7306288964        17.1402358259
       21.4266666667        -1.3992243196        -5.5213755353
       21.5266666667         0.4992544764        -4.9484241803
       21.6266666667        -2.5086976610        -8.2473835497
       21.7266666667         3.7057012311         8.7438094031
       21.8266666667        -3.5432196386        -0.9046790587
       21.9266666667         4.0881545531        -0.0462404395
       22.0266666667         0.3422096041         8.9613624202
       22.1266666667        -0.3077775940        -0.6281421335
       22.2266666667        -2.5164280412       -14.4383684027
       22.3266666667         2.7144981521        14.0637614774
       22.4266666667        -2.5881246664        -7.9678162963
       22.5266666667        -0.3808177295        -7.1432573828
       22.6266666667        -1.2445849370        -2.4181456034
       22.7266666667         3.4775721569         6.1058806006
       22.8266666667         0.0824667243         6.9630866798
       22.9266666667         0.3465791040        -5.0842839407
       23.0266666667        -0.9282391190        -4.0788209345
       23.1266666667         1.0956147745        11.2256177576
       23.2266666667        -0.4187868414        -4.2190723286
       23.3266666667        -0.4900667299       -10.9184466042
       23.4266666667         0.8560487229         6.4658282214
       23.5266666667         0.7272935497        20.1103808879
       23.6266666667        -4.3704492556       -11.6885259443
       23.7266666667        -1.0310629965        -8.6342117885
       23.8266666667         3.6525096370        16.7995229864
       23.9266666667         6.0305389078        24.5121150834
       24.0266666667        -5.1460517509       -17.9742345939
       24.1266666667        -1.4760279047        -6.8290125193
       24.2266666667        -3.5955263482         0.8581843013
       24.3266666667         3.9102254713         2.3038033402
       24.4266666667        -0.9175084458        -0.6225520298
       24.5266666667         1.6334560631         0.2395854506
       24.6266666667        -2.3677145566        -3.1146032693
       24.7266666667        -2.1363046785        -7.1467785113
       24.8266666667        -1.8204928802        -8.5639160211
       24.9266666667         4.2272185487        14.9866879660
