Stage output, depth (m).

Stage information (stage,x,y,elev):
1 4.515000 1.197000 0.123591
2 4.515000 1.701000 0.132484
3 4.515000 2.191000 0.130107

Output, depths:
Time; stages 1 to 3
0.001000 0.011759 0.002866 0.005243
0.103336 0.011759 0.002866 0.005243
0.202004 0.011759 0.002866 0.005243
0.300658 0.011759 0.002866 0.005243
0.402956 0.011759 0.002866 0.005243
0.501598 0.011759 0.002866 0.005243
0.600240 0.011759 0.002866 0.005243
0.702539 0.011759 0.002866 0.005245
0.801189 0.011759 0.002867 0.005238
0.903496 0.011759 0.002865 0.005219
1.002151 0.011759 0.002860 0.005226
1.100805 0.011759 0.002864 0.005260
1.203114 0.011759 0.002851 0.005270
1.301765 0.011759 0.002833 0.005233
1.400414 0.011759 0.002847 0.005209
1.502713 0.011759 0.002870 0.005231
1.601355 0.011759 0.002867 0.005263
1.703645 0.011755 0.002880 0.005252
1.802278 0.011752 0.002886 0.005237
1.900906 0.011748 0.002866 0.005252
2.003185 0.011749 0.002836 0.005243
2.101810 0.011780 0.002833 0.005213
2.200438 0.011776 0.002889 0.005230
2.302730 0.011745 0.002904 0.005285
2.401386 0.011761 0.002866 0.005272
2.500062 0.011768 0.002851 0.005239
2.602383 0.011744 0.002882 0.005235
2.701036 0.011746 0.002879 0.005249
2.803326 0.011788 0.002835 0.005250
2.901945 0.011778 0.002851 0.005227
3.000548 0.011750 0.002882 0.005223
3.102786 0.011753 0.002854 0.005268
3.201356 0.011759 0.002851 0.005269
3.303560 0.011766 0.002887 0.005225
3.402097 0.011769 0.002879 0.005218
3.500615 0.011747 0.002868 0.005269
3.602757 0.011742 0.002877 0.005280
3.701223 0.011746 0.002859 0.005250
3.803302 0.011735 0.002838 0.005239
3.901693 0.011750 0.002876 0.005234
4.000039 0.011783 0.002924 0.005237
4.101978 0.011779 0.002890 0.005252
4.200226 0.011747 0.002831 0.005250
4.302059 0.011756 0.002833 0.005236
4.400200 0.011787 0.002864 0.005254
4.501932 0.011767 0.002863 0.005254
4.600004 0.011751 0.002863 0.005227
4.701680 0.011739 0.002857 0.005224
4.803331 0.011749 0.002868 0.005249
4.901336 0.011775 0.002888 0.005266
5.002957 0.011773 0.002870 0.005259
5.100937 0.011745 0.002856 0.005231
5.202533 0.011758 0.002861 0.005220
5.300489 0.011773 0.002870 0.005248
5.402061 0.011763 0.002875 0.005269
5.503618 0.011744 0.002869 0.005244
5.601529 0.011759 0.002844 0.005221
5.703056 0.011795 0.002826 0.005229
5.800944 0.011763 0.002850 0.005231
5.902442 0.011744 0.002859 0.005236
6.000309 0.011752 0.002882 0.005276
6.101793 0.011751 0.002907 0.005277
6.203278 0.011759 0.002880 0.005234
6.301129 0.011771 0.002855 0.005235
6.402614 0.011791 0.002857 0.005257
6.500473 0.011778 0.002881 0.005227
6.601958 0.011777 0.002873 0.005192
6.703442 0.011807 0.002837 0.005241
6.801305 0.011833 0.002864 0.005262
6.902802 0.011836 0.002895 0.005238
7.000689 0.011788 0.002867 0.005249
7.102219 0.011776 0.002866 0.005257
7.200150 0.011810 0.002900 0.005232
7.301749 0.011813 0.002906 0.005230
7.403403 0.011798 0.002879 0.005249
7.501492 0.011805 0.002844 0.005265
7.603292 0.011821 0.002857 0.005331
7.701546 0.011820 0.002905 0.005360
7.803533 0.011839 0.002927 0.005344
7.901981 0.011845 0.002925 0.005300
8.000525 0.011822 0.002913 0.005279
8.102820 0.011807 0.002899 0.005297
8.201556 0.011842 0.002883 0.005293
8.300379 0.011874 0.002896 0.005291
8.402843 0.011844 0.002942 0.005302
8.501424 0.011826 0.002935 0.005302
8.603384 0.011810 0.002929 0.005302
8.701408 0.011772 0.002956 0.005330
8.802704 0.011739 0.002936 0.005362
8.903550 0.011704 0.002908 0.005360
9.000305 0.011658 0.002937 0.005350
9.100071 0.011606 0.002984 0.005407
9.202724 0.011535 0.003011 0.005441
9.301146 0.011470 0.003032 0.005433
9.402331 0.011400 0.003048 0.005451
9.502744 0.011339 0.003069 0.005427
9.602399 0.011310 0.003074 0.005379
9.701321 0.011244 0.003054 0.005364
9.802923 0.011166 0.003043 0.005365
9.900477 0.011075 0.003034 0.005340
10.000762 0.010995 0.002991 0.005256
10.100450 0.010893 0.002897 0.005155
10.202871 0.010792 0.002788 0.005060
10.301455 0.010705 0.002711 0.004967
10.402805 0.010544 0.002669 0.004893
10.500402 0.010373 0.002643 0.004831
10.600777 0.010222 0.002584 0.004753
10.700687 0.010069 0.002506 0.004675
10.800161 0.009899 0.002478 0.004638
10.902410 0.009791 0.002446 0.004601
11.001070 0.009625 0.002368 0.004467
11.102544 0.009423 0.002284 0.004317
11.200519 0.009285 0.002209 0.004253
11.301346 0.009113 0.002173 0.004159
11.401897 0.008938 0.002076 0.003912
11.502212 0.008760 0.001911 0.003704
11.602319 0.008563 0.001637 0.003600
11.702249 0.008416 0.001435 0.003469
11.802032 0.008282 0.001340 0.003253
11.901697 0.008091 0.001034 0.003012
12.001273 0.007912 0.001101 0.002773
12.100790 0.007756 0.000965 0.002528
12.200277 0.007593 0.000965 0.002271
12.302874 0.007405 0.000964 0.001819
12.402402 0.007201 0.001035 0.001450
12.502006 0.007010 0.001031 0.001101
12.601725 0.006865 0.001027 0.000970
12.701591 0.006719 0.001030 0.000949
12.801645 0.006531 0.001077 0.000949
12.901926 0.006321 0.001033 0.000949
13.002461 0.006117 0.000958 0.000949
13.100129 0.005929 0.000976 0.000949
13.201256 0.005713 0.000964 0.000949
13.302714 0.005483 0.000964 0.000949
13.401334 0.005267 0.000964 0.000949
13.500294 0.005031 0.000964 0.000949
13.602813 0.004769 0.000964 0.000949
13.702493 0.004524 0.000964 0.000949
13.802547 0.004280 0.000964 0.000949
13.902987 0.004024 0.000964 0.000949
14.000576 0.003776 0.000964 0.000949
14.101838 0.003537 0.000964 0.000949
14.200269 0.003299 0.000964 0.000949
14.302455 0.003052 0.000964 0.000949
14.401836 0.002820 0.000964 0.000949
14.501732 0.002615 0.000964 0.000949
14.602164 0.002399 0.000964 0.000949
14.703158 0.005446 0.000964 0.000949
14.801343 0.014800 0.000964 0.000949
14.900077 0.016531 0.008994 0.000996
15.002681 0.017940 0.010119 0.009366
15.102180 0.019155 0.011282 0.011579
15.201866 0.020356 0.013878 0.014056
15.301736 0.021440 0.015719 0.017972
15.401888 0.022969 0.017217 0.019553
15.502452 0.024246 0.017988 0.021318
15.603371 0.025174 0.018466 0.022518
15.700779 0.025709 0.018756 0.023977
15.801609 0.026204 0.018771 0.025628
15.902387 0.026713 0.018888 0.027007
16.003098 0.027237 0.019113 0.028028
16.100296 0.027420 0.019390 0.028682
16.200935 0.027774 0.019665 0.029187
16.301550 0.028244 0.020444 0.037140
16.402121 0.028781 0.021644 0.036209
16.502619 0.028889 0.021511 0.035621
16.603048 0.028847 0.021237 0.035282
16.703392 0.028873 0.021503 0.046534
16.800156 0.028816 0.029107 0.049660
16.900238 0.028730 0.043513 0.049151
17.000200 0.028576 0.043145 0.048509
17.100035 0.028375 0.041932 0.048700
17.203239 0.028071 0.041195 0.049027
17.302891 0.027764 0.040925 0.048993
17.402477 0.027471 0.040861 0.048880
17.501982 0.047644 0.040532 0.048576
17.601398 0.045740 0.039263 0.048906
17.700762 0.045048 0.038558 0.046572
17.800158 0.044472 0.037195 0.044534
17.902941 0.044117 0.036033 0.043143
18.002241 0.043558 0.035445 0.041770
18.100006 0.042344 0.035059 0.040456
18.203112 0.041599 0.034462 0.039046
18.301666 0.040755 0.034144 0.037854
18.401119 0.039952 0.033228 0.036653
18.500521 0.038918 0.032293 0.035698
18.603266 0.047820 0.031730 0.034810
18.702505 0.047821 0.031042 0.034043
18.801691 0.047293 0.030289 0.033232
18.900867 0.046833 0.029358 0.032759
19.002661 0.046110 0.028021 0.031990
19.101734 0.044931 0.026668 0.031070
19.200790 0.043614 0.025688 0.030288
19.302120 0.043511 0.024533 0.029391
19.401810 0.043249 0.031158 0.028466
19.503071 0.041612 0.032124 0.027688
19.603106 0.040358 0.030626 0.026613
19.702419 0.039443 0.028858 0.025690
19.802406 0.038743 0.027093 0.024881
19.901552 0.042735 0.026207 0.024154
20.001263 0.041530 0.025783 0.023494
20.100822 0.041082 0.025303 0.022791
20.201263 0.039686 0.024534 0.022077
20.300293 0.038517 0.023557 0.021055
20.401348 0.038646 0.022576 0.022793
20.502352 0.037519 0.021711 0.023227
20.602310 0.036671 0.021024 0.023082
20.701651 0.036091 0.019869 0.022204
20.801321 0.035526 0.019472 0.021566
20.901787 0.034805 0.015820 0.021075
21.000984 0.034816 0.015806 0.020516
21.102549 0.034090 0.012049 0.019930
21.201359 0.033268 0.011148 0.019658
21.300322 0.033661 0.013951 0.019929
21.402122 0.034084 0.017887 0.020289
21.501221 0.033372 0.020433 0.020964
21.600311 0.032053 0.021008 0.020527
21.702370 0.030666 0.020642 0.021686
21.802528 0.029959 0.021014 0.021046
21.901693 0.029085 0.020232 0.021581
22.000401 0.028199 0.019401 0.020806
22.100077 0.027387 0.018485 0.020364
22.200310 0.026493 0.017683 0.019692
22.301161 0.025653 0.016908 0.018762
22.402269 0.024893 0.016076 0.017925
22.500000 0.024236 0.015487 0.017394
